129
373
46
424
173
247
429
461
881
392
722
152
814
904
208
334
94
349
456
326
247
259
706
14
260
939
903
231
152
511
564
874
262
4
716
428
190
27
859
343
194
682
570
77
716
724
133
957
147
617
449
582
704
1
725
82
304
756
276
482
913
203
462
419
313
216
508
751
479
440
211
160
377
913
708
174
939
313
784
48
460
833
665
627
434
683
587
265
850
787
260
357
170
850
293
918
583
583
628
561
207
378
930
854
522
399
395
389
341
993
928
73
467
451
583
705
547
271
608
173
278
849
362
319
106
349
428
935
603
265
468
905
345
20
386
451
950
462
610
414
442
401
213
583
470
29
822
240
112
72
